1
2
28
3
28
40
41
4
37
40
5
37
44
6
26
44
7
26
31
8
31
9
31
34
10
34
35
42
11
30
35
66
12
30
13
30
36
39
14
33
39
15
24
33
16
24
43
63
17
23
43
18
23
32
46
57
19
25
32
20
25
21
25
29
22
29
23
43
46
24
33
63
64
25
29
32
47
26
31
44
45
62
27
28
28
41
25
29
47
56
30
36
54
66
26
31
34
45
25
32
47
57
24
33
39
51
64
31
34
42
45
59
35
42
58
61
66
30
36
39
54
37
40
44
49
29
38
56
33
36
39
51
54
37
40
41
49
53
28
40
41
53
60
65
34
35
42
58
59
23
43
46
55
63
26
37
44
49
50
62
26
31
34
45
59
62
84
23
43
46
55
57
70
25
29
32
47
56
57
74
79
28
41
48
65
37
40
44
49
50
53
71
44
49
50
62
67
71
80
33
39
51
54
64
75
78
52
56
40
41
49
53
60
71
76
83
30
36
39
51
54
66
75
86
43
46
55
63
70
85
29
47
56
79
88
32
46
47
57
70
74
35
42
58
59
61
69
81
87
34
42
45
58
59
81
84
41
53
60
65
76
35
58
61
66
69
26
44
45
50
62
67
84
24
43
55
63
64
68
85
24
33
51
63
64
68
73
78
41
60
65
76
82
30
35
54
61
66
69
86
50
62
67
80
84
100
63
64
68
73
85
102
58
61
66
69
86
87
109
46
55
57
70
74
85
94
49
50
53
71
80
83
91
65
72
82
64
68
73
78
102
105
47
57
70
74
79
94
108
51
54
75
78
86
93
99
53
60
65
76
82
83
95
98
56
77
88
51
64
73
75
78
93
105
47
56
74
79
88
101
108
50
67
71
80
91
100
106
58
59
81
84
87
96
97
65
76
82
95
53
71
76
83
91
98
103
45
59
62
67
81
84
97
100
107
55
63
68
70
85
92
94
102
54
66
69
75
86
99
104
109
58
69
81
87
96
109
56
79
88
89
101
88
89
101
126
88
89
90
71
80
83
91
103
106
112
123
85
92
94
102
115
120
75
78
93
99
105
128
132
70
74
85
92
94
108
111
120
76
82
95
98
81
87
96
97
109
116
125
81
84
96
97
107
116
118
76
83
95
98
103
121
75
86
93
99
104
128
67
80
84
100
106
107
112
131
79
88
89
101
108
126
129
68
73
85
92
102
105
115
117
83
91
98
103
121
123
124
86
99
104
109
119
128
73
78
93
102
105
117
127
132
80
91
100
106
112
84
97
100
107
118
131
74
79
94
101
108
111
129
69
86
87
96
104
109
119
122
125
82
95
110
94
108
111
120
129
137
138
91
100
106
112
123
131
145
146
95
98
113
121
130
89
114
126
92
102
115
117
120
143
96
97
116
118
125
136
102
105
115
117
127
143
152
97
107
116
118
131
136
140
104
109
119
122
128
133
134
148
92
94
111
115
120
137
143
98
103
121
124
130
135
151
109
119
122
125
134
91
103
112
123
124
141
145
103
121
123
124
141
151
96
109
116
122
125
134
136
142
89
101
126
129
150
154
105
117
127
132
149
152
93
99
104
119
128
132
133
153
101
108
111
126
129
138
150
121
130
135
100
107
112
118
131
140
146
147
93
105
127
128
132
149
153
119
128
133
148
153
175
119
122
125
134
142
148
167
121
130
135
151
157
116
118
125
136
140
142
158
169
111
120
137
138
143
159
111
129
137
138
150
159
174
126
139
154
118
131
136
140
147
166
169
123
124
141
145
151
165
172
125
134
136
142
158
167
115
117
120
137
143
152
159
171
130
135
144
157
112
123
141
145
146
160
172
112
131
145
146
147
156
160
131
140
146
147
156
166
119
133
134
148
167
170
175
127
132
149
152
153
164
126
129
138
150
154
162
174
121
124
135
141
151
157
165
168
117
127
143
149
152
164
171
176
128
132
133
149
153
163
164
175
126
150
154
161
162
154
155
161
146
147
156
160
166
194
135
151
157
168
183
187
136
142
158
167
169
191
137
138
143
159
171
174
193
145
146
156
160
172
180
194
196
154
161
162
197
150
154
161
162
174
178
197
153
163
164
175
179
149
152
153
163
164
176
177
179
195
141
151
165
168
172
182
140
147
156
166
169
186
194
134
142
148
158
167
170
189
191
151
157
165
168
182
183
136
140
158
166
169
186
188
191
148
167
170
175
181
189
143
152
159
171
176
177
184
193
141
145
160
165
172
180
182
157
173
187
138
150
159
162
174
178
192
193
133
148
153
163
170
175
179
181
198
152
164
171
176
177
164
171
176
177
184
195
206
162
174
178
192
197
202
163
164
175
179
195
198
199
160
172
180
182
196
211
170
175
181
189
198
209
165
168
172
180
182
183
211
218
157
168
182
183
187
218
219
171
177
184
193
204
206
185
187
166
169
186
188
194
200
157
183
187
219
169
186
188
191
200
215
167
170
181
189
191
201
208
209
161
190
197
158
167
169
188
189
191
201
215
174
178
192
193
202
212
214
159
171
174
184
192
193
204
212
156
160
166
186
194
196
200
207
210
164
177
179
195
199
206
216
160
180
194
196
210
211
161
162
178
197
202
203
175
179
181
198
199
209
217
179
195
198
199
216
217
222
186
188
194
200
207
215
225
237
238
189
191
201
208
215
223
178
192
197
202
203
214
227
197
202
203
227
231
184
193
204
206
212
224
239
241
187
205
213
219
177
184
195
204
206
216
241
194
200
207
210
221
237
189
201
208
209
223
233
181
189
198
208
209
217
233
234
194
196
207
210
211
221
226
180
182
196
210
211
218
226
192
193
204
212
214
224
213
219
228
192
202
212
214
224
227
229
188
191
200
201
215
223
225
195
199
206
216
222
236
241
198
199
209
217
222
230
234
182
183
211
218
219
226
240
183
187
213
218
219
228
240
242
197
203
220
231
207
210
221
226
237
245
199
216
217
222
230
236
248
260
201
208
215
223
225
233
246
204
212
214
224
229
239
244
254
200
215
223
225
238
246
247
210
211
218
221
226
240
245
251
257
202
203
214
227
229
231
253
256
213
219
228
242
259
214
224
227
229
254
256
217
222
230
234
252
260
261
203
227
231
243
253
213
228
232
259
208
209
223
233
234
246
252
262
209
217
230
233
234
252
231
235
243
216
222
236
241
248
249
200
207
221
237
238
245
255
264
200
225
237
238
247
264
204
224
239
241
244
218
219
226
240
242
257
258
204
206
216
236
239
241
244
249
219
228
240
242
258
259
231
243
253
269
277
224
239
241
244
249
254
276
281
285
221
226
237
245
251
255
282
223
225
233
246
247
262
266
272
284
225
238
246
247
264
266
222
236
248
249
260
274
236
241
244
248
249
274
276
250
259
226
245
251
257
278
282
230
233
234
252
261
262
270
227
231
243
253
256
269
280
224
229
244
254
256
281
237
245
255
264
267
282
227
229
253
254
256
280
281
226
240
251
257
258
268
278
279
240
242
257
258
259
268
228
242
258
259
268
271
222
230
248
260
261
265
274
283
230
252
260
261
265
270
233
246
252
262
270
272
243
263
277
237
238
247
255
264
266
267
273
260
261
265
270
283
292
293
246
247
264
266
273
284
296
255
264
267
273
282
287
294
257
258
259
268
271
279
308
243
253
269
277
280
299
306
252
261
262
265
270
272
290
292
259
268
271
308
246
262
270
272
284
290
264
266
267
273
287
296
248
249
260
274
276
283
295
302
259
271
275
244
249
274
276
285
295
243
269
277
306
251
257
278
279
282
288
289
257
268
278
279
289
304
308
253
256
269
280
281
299
300
244
254
256
280
281
285
291
300
305
245
251
255
267
278
282
288
294
260
265
274
283
293
302
303
246
266
272
284
290
296
307
244
276
281
285
291
295
277
286
267
273
287
294
296
319
278
282
288
289
294
325
330
278
279
288
289
304
325
270
272
284
290
292
307
309
317
281
285
291
295
305
321
265
270
290
292
293
317
265
283
292
293
303
313
317
267
282
287
288
294
319
322
330
274
276
285
291
295
302
321
323
266
273
284
287
296
307
311
319
277
297
306
271
298
301
308
269
280
299
300
306
310
316
324
280
281
299
300
305
310
326
301
308
320
274
283
295
302
303
315
323
328
283
293
302
303
313
315
279
289
304
308
318
325
281
291
300
305
321
326
269
277
299
306
316
284
290
296
307
309
311
312
268
271
279
301
304
308
318
320
329
290
307
309
312
317
337
299
300
310
324
326
332
296
307
311
312
319
342
343
351
307
309
311
312
337
343
293
303
313
315
317
341
346
306
314
316
336
302
303
313
315
328
331
341
299
306
316
324
336
339
290
292
293
309
313
317
337
345
346
304
308
318
325
329
333
348
287
294
296
311
319
322
338
342
301
308
320
329
291
295
305
321
323
326
340
344
294
319
322
330
338
295
302
321
323
328
331
344
349
299
310
316
324
332
339
288
289
304
318
325
330
334
348
352
300
305
310
321
326
332
340
301
320
327
302
315
323
328
331
308
318
320
329
333
288
294
322
325
330
334
338
315
323
328
331
341
349
359
310
324
326
332
339
340
364
366
318
329
333
348
350
353
325
330
334
338
352
357
335
336
316
336
339
367
309
312
317
337
343
345
354
358
369
319
322
330
334
338
342
357
360
372
316
324
332
336
339
366
367
373
321
326
332
340
344
355
364
313
315
331
341
346
356
359
311
319
338
342
351
360
311
312
337
343
351
358
321
323
340
344
349
355
365
317
337
345
346
354
313
317
341
345
346
354
356
374
320
329
333
347
350
318
325
333
348
352
353
362
323
331
344
349
359
365
333
350
353
363
311
342
343
351
358
360
361
325
334
348
352
357
362
370
333
348
350
353
362
363
377
383
337
345
346
354
369
374
389
396
340
344
355
364
365
388
341
346
356
359
374
392
334
338
352
357
370
372
385
337
343
351
358
361
369
379
331
341
349
356
359
365
387
392
338
342
351
360
361
372
381
390
351
358
360
361
379
381
348
352
353
362
370
377
350
353
363
378
383
332
340
355
364
366
382
388
344
349
355
359
365
384
387
388
332
339
364
366
373
382
394
336
339
367
373
375
395
336
367
368
337
354
358
369
379
386
396
352
357
362
370
377
385
393
350
363
371
378
338
357
360
372
385
390
391
339
366
367
373
375
394
346
354
356
374
389
392
367
373
375
394
395
397
409
367
376
395
353
362
370
377
383
393
408
363
378
383
358
361
369
379
381
386
417
378
380
383
398
401
360
361
379
381
390
406
417
364
366
382
388
394
399
353
363
377
378
383
398
408
365
384
387
388
400
357
370
372
385
391
393
410
369
379
386
396
403
415
417
359
365
384
387
392
400
402
413
355
364
365
382
384
388
399
400
418
354
374
389
392
396
403
411
360
372
381
390
391
405
406
412
372
385
390
391
405
410
356
359
374
387
389
392
402
411
370
377
385
393
407
408
410
366
373
375
382
394
397
399
367
375
395
409
414
354
369
386
389
396
403
375
394
397
399
409
424
383
398
401
408
428
382
388
394
397
399
418
424
429
384
387
388
400
413
418
432
438
398
401
428
435
387
392
402
411
413
431
386
389
396
403
411
415
421
437
401
404
390
391
405
410
412
419
434
381
390
406
412
417
420
393
407
408
410
436
377
383
393
398
407
408
427
428
436
375
395
397
409
414
423
424
430
385
391
393
405
407
410
419
436
439
389
392
402
403
411
431
437
440
390
405
406
412
420
434
387
400
402
413
431
433
438
395
409
414
423
386
403
415
417
421
425
395
414
416
379
381
386
406
415
417
420
425
388
399
400
418
429
432
405
410
419
434
439
455
406
412
417
420
425
434
445
451
403
415
421
425
437
441
461
401
422
435
409
414
423
430
449
460
397
399
409
424
429
430
444
449
457
415
417
420
421
425
445
456
461
414
423
426
408
427
428
436
443
452
462
398
401
408
427
428
435
452
399
418
424
429
432
444
409
423
424
430
449
402
411
413
431
433
440
442
400
418
429
432
438
444
459
413
431
433
438
442
453
454
405
412
419
420
434
451
455
401
428
435
450
452
407
408
410
427
436
439
443
403
411
421
437
440
441
400
413
432
433
438
453
459
410
419
436
439
443
446
455
411
431
437
440
441
442
448
421
437
440
441
448
461
431
433
440
442
448
454
427
436
439
443
446
462
424
429
432
444
457
459
420
425
445
451
456
439
443
446
455
435
447
450
440
441
442
448
423
424
430
449
457
460
435
450
452
420
434
445
451
455
427
428
435
450
452
462
433
438
453
454
459
433
442
453
454
419
434
439
446
451
455
425
445
456
461
424
444
449
457
423
458
460
432
438
444
453
459
423
449
460
421
425
441
456
461
427
443
452
462
450
463
450
464
450
452
462
465
462
466
443
462
467
443
446
468
446
455
469
451
455
470
445
451
456
471
456
461
472
441
461
473
441
448
474
448
475
442
448
454
476
453
454
477
453
459
478
444
459
479
444
457
480
449
457
481
449
460
482
460
483
460
484
