1
19
22
2
10
37
38
3
6
9
23
4
8
20
21
36
5
17
3
6
23
30
7
13
28
40
4
8
11
21
3
9
23
31
2
10
15
26
38
8
11
18
21
33
12
18
32
35
40
7
13
15
28
14
16
20
24
10
13
15
26
28
14
16
17
24
27
5
16
17
27
34
39
11
12
18
32
33
1
19
22
29
37
4
14
20
24
25
36
4
8
11
33
36
56
1
19
22
29
31
44
3
6
9
30
31
47
51
14
16
20
25
27
45
20
24
36
41
45
52
10
15
28
38
48
50
16
17
24
34
45
49
55
7
13
15
26
40
48
58
19
22
37
44
57
6
23
30
51
60
9
22
23
31
44
47
12
18
33
35
43
53
59
11
18
21
32
53
56
17
27
39
49
12
32
40
43
4
20
21
25
41
56
2
19
29
37
38
42
57
2
10
26
37
42
46
50
17
34
39
49
54
7
12
28
35
40
43
58
25
36
52
56
71
37
38
46
57
73
32
35
40
58
59
80
22
29
31
47
57
65
24
25
27
52
55
62
38
42
50
73
76
23
31
44
51
65
79
26
28
50
58
64
70
27
34
39
54
55
66
69
26
38
46
48
64
76
23
30
47
60
72
79
25
41
45
62
71
77
32
33
56
59
67
68
39
49
54
66
27
45
49
62
69
74
21
33
36
41
53
68
71
78
29
37
42
44
63
65
73
28
40
43
48
70
75
80
32
43
53
67
80
30
51
60
61
72
60
61
72
94
45
52
55
74
77
82
91
57
65
73
83
88
48
50
70
76
96
100
44
47
57
63
79
81
88
49
54
66
69
53
59
68
80
84
93
53
56
67
78
84
86
49
55
66
69
74
89
48
58
64
75
96
41
52
56
77
78
82
99
51
60
61
79
94
97
42
46
57
63
76
83
85
55
62
69
89
91
92
58
70
80
87
96
46
50
64
73
85
95
100
52
62
71
82
56
68
71
86
99
47
51
65
72
81
97
43
58
59
67
75
87
90
93
65
79
88
97
105
106
62
71
77
91
99
111
112
63
73
85
88
110
67
68
86
93
104
73
76
83
95
110
118
68
78
84
99
104
107
75
80
90
96
101
102
114
63
65
81
83
105
110
69
74
89
92
98
103
117
80
87
93
102
62
74
82
92
108
111
74
89
91
108
117
67
80
84
90
102
104
109
61
72
94
97
116
120
76
85
100
115
118
64
70
75
87
100
101
119
72
79
81
94
106
116
89
98
103
71
78
82
86
107
112
113
64
76
95
96
115
119
87
96
114
119
139
87
90
93
109
114
132
89
98
103
117
122
84
86
93
107
109
123
134
81
88
106
110
124
81
97
105
116
124
138
86
99
104
113
131
134
91
92
111
117
130
137
93
102
104
123
132
83
85
88
105
118
124
136
82
91
108
112
125
137
82
99
111
113
121
125
99
107
112
121
131
87
101
102
132
135
139
95
100
118
119
129
94
97
106
120
127
138
89
92
103
108
122
130
133
85
95
110
115
129
136
140
96
100
101
115
128
129
139
94
116
120
126
127
112
113
125
131
156
103
117
122
133
147
150
104
109
132
134
153
105
106
110
136
138
155
111
112
121
137
144
156
158
120
126
127
159
116
120
126
138
142
159
119
129
139
143
115
118
119
128
140
141
143
157
108
117
133
137
146
107
113
121
134
149
156
102
109
114
123
135
152
153
117
122
130
146
147
104
107
123
131
149
151
153
114
132
139
145
152
110
118
124
140
141
148
155
108
111
125
130
144
146
106
116
124
127
142
154
155
101
114
119
128
135
143
145
160
118
129
136
141
129
136
140
148
157
167
127
138
154
159
164
128
129
139
157
160
161
125
137
146
158
172
135
139
152
160
170
130
133
137
144
147
172
179
122
133
146
150
179
180
136
141
155
166
167
131
134
151
156
162
122
147
150
180
134
149
153
162
176
132
135
145
153
163
169
170
123
132
134
151
152
163
176
138
142
155
164
173
175
124
136
138
148
154
166
173
121
125
131
149
158
162
168
171
129
141
143
161
167
177
125
144
156
171
172
126
127
142
159
164
165
139
143
145
161
170
178
143
157
160
177
178
182
149
151
156
168
176
185
195
196
152
153
169
176
183
142
154
159
165
175
187
159
164
165
187
191
148
155
167
173
184
197
199
141
148
157
166
177
199
156
162
171
181
195
152
163
170
183
192
145
152
160
169
178
192
193
156
158
168
172
181
186
144
146
158
171
179
186
154
155
166
175
184
174
180
188
154
164
173
184
187
189
151
153
162
163
183
185
157
161
167
182
194
199
160
161
170
182
190
193
146
147
172
180
186
198
147
150
174
179
180
188
198
200
168
171
186
195
203
161
177
178
190
194
206
217
163
169
176
185
192
204
166
173
175
189
197
202
211
162
176
183
196
204
205
171
172
179
181
198
203
208
214
164
165
175
189
191
210
213
174
180
188
200
216
175
184
187
211
213
178
182
193
209
217
218
165
187
191
201
210
169
170
183
193
204
209
219
170
178
190
192
209
177
182
199
206
207
162
168
181
196
203
212
220
162
185
195
205
220
166
184
199
202
179
180
186
200
214
215
166
167
177
194
197
202
207
180
188
198
215
216
191
201
210
225
232
184
197
199
207
211
231
236
240
181
186
195
208
212
237
183
185
192
205
219
222
228
239
185
196
204
220
222
182
194
207
217
230
194
199
202
206
230
231
186
203
214
233
237
190
192
193
218
219
226
187
191
201
213
225
235
184
189
202
213
236
195
203
220
223
237
187
189
210
211
235
236
186
198
208
215
224
233
234
198
200
214
216
224
188
200
215
216
224
227
182
190
206
218
221
230
238
190
209
217
221
226
192
204
209
226
228
195
196
205
212
222
223
229
217
218
226
238
246
247
204
205
220
229
239
250
212
220
229
237
241
248
214
215
216
227
234
260
201
210
232
235
251
258
209
218
219
221
228
244
246
216
224
227
260
204
219
226
239
244
220
222
223
241
250
206
207
217
231
238
249
254
202
207
230
240
249
201
225
232
258
208
214
234
237
242
243
214
224
233
243
256
260
210
213
225
236
251
252
202
211
213
235
240
245
252
257
203
208
212
223
233
242
248
217
221
230
247
254
255
204
222
228
244
250
259
202
231
236
245
249
223
229
248
250
270
233
237
243
248
276
280
233
234
242
256
276
226
228
239
246
259
261
268
236
240
249
257
272
221
226
244
247
268
221
238
246
255
265
268
223
237
241
242
270
273
280
230
231
240
245
254
272
274
222
229
239
241
259
263
270
225
235
252
258
262
267
275
235
236
251
257
262
277
253
260
271
230
238
249
255
266
274
278
238
247
254
265
266
234
243
260
269
276
236
245
252
272
277
225
232
251
258
267
239
244
250
261
263
264
224
227
234
253
256
260
269
271
279
244
259
264
268
286
251
252
275
277
282
250
259
264
270
291
292
299
259
261
263
286
292
247
255
266
268
290
295
254
255
265
278
281
290
251
258
267
275
285
288
244
246
247
261
265
286
294
295
256
260
276
279
283
296
241
248
250
263
273
287
291
253
260
271
279
245
249
257
274
277
289
293
248
270
280
287
249
254
272
278
281
293
297
251
262
267
282
288
242
243
256
269
280
284
296
300
252
257
262
272
282
289
254
266
274
281
260
269
271
279
283
242
248
273
276
284
287
266
274
278
290
297
307
262
275
277
288
289
312
314
269
279
283
296
298
301
276
280
287
300
305
267
285
288
315
261
264
268
292
294
302
306
316
270
273
280
284
291
305
308
318
267
275
282
285
314
315
319
272
277
282
293
303
312
265
266
281
295
304
307
263
270
287
299
308
263
264
286
299
306
272
274
289
297
303
313
268
286
295
302
265
268
290
294
302
304
320
269
276
283
300
301
310
274
281
293
307
313
283
298
301
311
263
291
292
306
308
309
276
284
296
305
310
317
283
296
298
310
311
322
327
286
294
295
316
320
333
340
289
293
312
313
332
290
295
307
320
336
284
287
300
317
318
329
286
292
299
309
316
324
281
290
297
304
313
331
336
287
291
299
309
318
325
334
299
306
308
324
325
296
300
301
317
322
298
301
311
323
327
282
289
303
314
326
332
293
297
303
307
328
331
332
282
288
312
319
326
338
285
288
315
319
321
339
286
302
306
324
330
340
300
305
310
322
329
337
287
305
308
329
334
335
288
314
315
321
338
295
302
304
333
336
315
319
338
339
341
352
301
310
317
327
337
351
311
323
327
306
309
316
325
330
359
308
309
324
334
349
359
312
314
332
338
343
301
311
322
323
327
342
351
313
331
332
344
305
317
318
335
337
353
316
324
340
347
358
359
307
313
328
336
344
346
356
303
312
313
326
328
343
344
360
302
320
336
340
347
354
308
318
325
335
348
349
355
318
329
334
348
353
304
307
320
331
333
346
354
317
322
329
350
351
353
314
319
321
326
341
343
315
321
339
352
357
302
316
330
333
347
321
338
343
352
365
327
342
345
351
368
326
332
338
341
360
365
369
328
331
332
356
360
372
378
342
345
368
375
331
336
354
356
371
330
333
340
354
358
363
377
334
335
353
355
361
374
325
334
355
359
362
337
351
353
376
322
327
337
342
350
367
368
376
321
339
341
357
364
365
370
329
335
337
348
350
361
376
379
333
336
346
347
371
377
380
334
348
349
362
374
331
344
346
371
373
378
339
352
357
364
330
347
359
363
366
324
325
330
349
358
362
366
332
343
344
369
372
348
353
374
379
394
349
355
359
366
374
385
390
347
358
366
377
381
399
352
357
364
370
388
398
341
343
352
369
370
384
388
396
358
359
362
363
385
395
399
351
368
376
383
391
400
342
345
351
367
375
391
343
360
365
372
384
352
364
365
388
346
354
356
373
380
382
344
360
369
378
384
397
356
371
378
382
392
393
348
355
361
362
390
394
345
368
375
389
391
350
351
353
367
379
383
347
354
363
380
381
344
356
372
373
392
397
353
361
376
383
386
394
354
371
377
381
382
387
363
377
380
381
387
399
371
373
380
382
387
393
367
376
379
383
386
400
365
369
372
384
396
397
362
366
385
390
395
379
383
386
394
380
381
382
387
364
365
370
388
396
398
375
389
391
362
374
385
390
394
367
368
375
389
391
400
373
378
392
393
397
373
382
392
393
361
374
379
386
390
394
366
385
395
399
365
384
388
396
372
378
384
392
397
364
388
398
363
366
381
395
399
367
383
391
400
