27.8306411557018
0.188335534765164
0.651843869664078
15.8365212034712
0.443036620249358
0.36427275278112
0.045306697107676
16.5000129416007
0.323409568765171
0.561994707032832
0.796308004144842
9.92445736682524
0.275059507663477
0.106790426407496
0.0980079263580656
0.548052957791419
6.07231257847066
0.628515397720255
0.323409568765171
5.33700669957214
0.102241555695898
0.589970159854015
5.45294259666145
1.49319275755987
0.136283873110599
0.512570170990896
0.275059507663477
4.36840852254875
0.355658584043531
1.51082095326
0.561994707032832
4.07716098053439
0.442841567923903
0.806423032866497
0.443036620249358
3.51812536892001
0.420916144404618
0.392409000524462
0.701586924395628
0.355658584043531
3.12335364087521
0.998893598099135
0.147790964712191
0.729319184047111
3.74554641420649
0.560293136313455
0.122008820134884
0.86775470679712
0.13025487910073
1.49319275755987
1.86992789843101
0.288042764749415
1.14680217789417
2.40752366838537
0.306034526242604
0.806687664129406
1.22352055902311
0.420916144404618
0.288042764749415
2.41124002604536
1.19261368976014
0.232975886209857
0.306034526242604
2.49642847607282
0.461625531103401
0.0699467128858055
1.42701346231578
0.628515397720255
0.461625531103401
2.11165632358644
0.0948660680187479
0.897047045701703
0.249855873599397
0.998893598099135
0.560293136313455
1.63959645761384
0.946709182285568
0.173026107159298
0.188335534765164
2.74351398328048
0.249165299347411
1.09447809468099
0.381583067539818
0.106790426407496
0.806687664129406
2.24809471921836
0.0916031858454345
1.48028076721355
0.0984735598064729
0.0980079263580656
1.51082095326
0.147790964712191
0.941185009245791
0.792250319863894
0.560577461896039
0.651843869664078
0.249165299347412
0.218732218637447
1.15403778084645
1.11771589600727
0.545577263650661
0.796308004144842
0.102241555695898
0.442841567923903
0.992645876758663
0.513387850914658
0.0535393286300438
0.786482690290628
1.22352055902311
0.0699467128858055
0.0916031858454345
1.19617305846361
0.533173840460457
0.983027967987871
1.48028076721355
1.19617305846361
0.863657923877403
0.0974760219584808
0.0749710782315518
0.496075902029019
0.392409000524462
1.19261368976014
0.538752075840479
0.996513355501528
0.0779884512386384
0.643207747107805
1.42701346231578
0.0948660680187479
0.533173840460457
0.948167299532819
0.194004680591197
0.153561376531867
0.554941934237879
0.136283873110599
1.14680217789417
0.232975886209857
0.538752075840479
0.808612524732679
0.944892369063156
0.0396010396495349
1.09447809468099
1.15403778084645
0.729837344321623
0.402837547841125
0.49441692000872
0.589970159854015
0.992645876758663
1.85568720081801
0.0343222454218672
0.587120517052767
0.806423032866497
1.11771589600727
0.513387850914658
0.021175796970593
0.37504356994489
1.01152120202293
0.122008820134884
0.946709182285568
0.802704038792884
1.16358554567035
0.186672289031563
0.136825794468563
0.472654409295837
0.729319184047111
0.173026107159298
0.941185009245791
0.802704038792884
1.12835154399251
0.0987217124638085
0.897047045701703
0.948167299532819
1.23964719991572
0.954208533115885
0.86775470679712
1.16358554567035
0.837365781527804
1.30963947596732
0.548052957791419
0.0984735598064729
0.792250319863894
0.863657923877403
1.85134292336574
0.114602826530687
0.36427275278112
0.381583067539818
0.729837344321623
0.170659841199421
0.51836939864492
1.37393566051681
0.321288521080195
0.045306697107676
0.701586924395629
0.996513355501528
0.51836939864492
0.254090482632856
1.08243648188869
0.295907755926833
0.249855873599396
1.23964719991572
2.5310712979141
0.183284632975955
0.254669904736922
0.512570170990896
0.13025487910073
0.808612524732679
0.837365781527804
0.0276813051660199
0.484576507695025
0.954433999339074
0.0974760219584808
1.85134292336574
0.991094441564642
0.827381626787782
0.555486933604016
1.37393566051681
0.254090482632856
2.11800432538451
0.481447225212341
0.458697410160538
0.186672289031563
1.30963947596732
0.484576507695025
0.451410611875274
1.24987489807939
0.393577210414087
0.545577263650661
0.402837547841125
0.37504356994489
0.746384929480847
0.622839246100811
0.902211036373989
0.983027967987871
0.0749710782315517
0.194004680591197
1.07538454248485
0.721952880697005
0.801295151912919
1.08243648188869
2.11800432538451
0.572269241277371
0.136693037834268
0.650905473822838
0.0535393286300438
1.01152120202293
0.746384929480847
1.61472826393134
0.193446875771689
0.523633700829691
0.0779884512386384
0.944892369063155
0.914517662632688
0.996342764771451
0.182403385911122
0.736403594560299
0.153561376531867
0.954208533115885
0.183284632975955
0.335684194131558
1.31704118192362
0.0515765755189861
0.970520147876321
0.643207747107805
0.295907755926834
0.572269241277371
0.914517662632688
1.34103011236607
0.14433935323099
0.786482690290628
0.0343222454218672
1.61472826393134
0.586077406107155
0.960424820711483
0.158319355084071
0.496075902029019
0.991094441564642
1.07538454248485
0.308550133713077
0.0946476773029605
0.840642025169225
0.136825794468563
1.12835154399251
0.514322220906321
0.770539707188307
0.25827379532396
1.08046980644124
0.254669904736922
0.335684194131558
8.10663400869448
1.42148004400466
0.554941934237879
0.721952880697005
1.31704118192362
0.400232292018607
0.0770812100525927
0.781875984876463
0.560577461896039
0.0987217124638084
0.114602826530687
0.827381626787782
0.514322220906321
0.237668574545244
0.387619246384225
0.827810891871406
0.49441692000872
0.321288521080195
0.481447225212341
0.622839246100811
1.55468553056436
0.0340526528413343
0.394755484943939
0.0396010396495349
0.954433999339074
0.451410611875274
0.996342764771451
0.316024523383411
1.20397055197327
0.0262433919847617
0.472654409295837
1.24987489807939
0.770539707188307
1.27655940476598
0.304163176813022
0.587120517052767
0.586077406107155
1.14694396932598
1.68847439509556
0.305975079089003
1.68847439509556
2.00590351619653
0.623623303816724
0.30841253367237
0.801295151912919
0.308550133713077
0.400232292018607
0.982874036548733
0.509511278637016
0.0800132786958997
0.534545470389293
1.55468553056436
1.56957427037746
0.596493953843046
0.670036562827664
0.0271890065587402
0.182403385911122
1.34103011236607
0.996097540104979
1.08235454562716
0.0952649346707939
0.36424016945621
0.902211036373989
0.193446875771689
0.0340526528413342
1.56957427037746
0.594556831369236
0.0747284794561869
0.682871785552964
0.0515765755189861
1.42148004400466
2.53180962905716
1.34293197022448
0.25827379532396
1.27655940476598
0.804805498418879
0.679278741244952
0.263295287185977
0.510424602510716
1.08046980644124
0.237668574545244
0.80480549841888
0.631527592443133
0.937983425930207
0.113611892735388
0.970520147876321
0.0770812100525927
1.34293197022448
0.00219584992620447
0.706637165003029
0.950816273734518
0.736403594560299
0.316024523383411
0.996097540104979
0.911386021119531
0.852842225575081
0.555486933604016
0.0946476773029605
0.387619246384225
1.23524178358301
1.02225102511772
0.0653614251283287
0.482938080633666
0.960424820711483
0.305975079089003
0.623623303816724
0.747761438004182
0.504324894573352
0.473441612571226
0.458697410160538
0.136693037834268
0.394755484943939
0.596493953843046
0.486363608613285
0.50817837178463
1.02631025827575
0.781875984876463
0.982874036548733
0.706637165003029
0.0507286718433583
0.363837812743793
0.846642974404327
1.20397055197327
0.911386021119531
0.687819828759291
1.20634691903458
0.145538874414166
0.650905473822839
0.14433935323099
1.08235454562716
0.486363608613285
0.224610468926089
0.967978548415211
0.200812855179835
0.840642025169225
0.509511278637016
1.23524178358301
1.88770825231201
0.827810891871406
0.631527592443133
1.02225102511772
1.29199291393161
0.204991428255933
0.523633700829691
0.158319355084071
0.594556831369236
0.747761438004182
2.05766378190209
0.244721750871876
0.393577210414087
0.0262433919847617
0.304163176813022
0.679278741244952
0.687819828759292
0.179203084730995
1.0221805736006
0.423451896641496
0.0747284794561869
2.05766378190209
1.08887586313302
0.677334649466207
0.0558112638159422
0.513743376489766
0.0800132786958997
0.0653614251283287
1.88770825231201
0.874472741039944
0.558871456537858
0.131673671189334
0.63883010218171
0.670036562827664
0.50817837178463
0.890228508146143
0.840053939879004
0.8487925656698
0.263295287185977
0.937983425930207
0.788399445260477
0.753028084232078
1.11954008605245
1.02631025827575
0.224610468926089
0.890228508146143
1.13759687063535
0.071421666159412
0.588553224975733
0.113611892735388
1.29199291393161
0.788399445260477
0.896702914603022
0.165131291330992
0.623756535995567
1.20634691903458
0.179203084730995
1.41782719403961
0.317079192781509
0.235753070848536
0.0963359716160306
0.607309581512083
0.0271890065587402
0.682871785552964
1.08887586313303
0.840053939879004
1.0649581379952
0.180234200063505
0.950816273734518
0.0507286718433583
0.223519279132556
1.71089581169684
0.304730989185262
0.291954298165624
0.572513884148177
1.0221805736006
1.41782719403961
0.731625006981811
1.01072473914575
0.534545470389293
0.363837812743793
0.874472741039944
0.690890325676403
0.352987223689188
0.775453700278063
0.846642974404327
1.71089581169684
0.690890325676403
0.808083519013803
0.115578106230916
0.510424602510716
0.423451896641496
0.753028084232078
0.731625006981811
0.358540624356916
0.0511654699395349
0.846618059937602
0.30841253367237
0.504324894573352
1.25999931413696
0.800064177640323
0.229772126121905
0.486232690768736
0.967978548415211
1.13759687063535
0.973572220485865
0.798400024901997
0.0888958516413677
0.0952649346707939
0.852842225575081
0.145538874414166
0.317079192781509
1.23813461337213
1.57221121006513
0.00252436176563059
0.473441612571226
0.244721750871876
0.677334649466207
0.800064177640323
0.55432149479322
0.855640100106157
0.304730989185262
8.92508598744731
1.46463915433502
0.482938080633666
0.204991428255933
0.558871456537857
0.896702914603022
0.200845483152333
0.278323095462726
1.05085680057083
0.36424016945621
0.200812855179835
0.973572220485865
1.23813461337213
0.262980664024698
0.824190092711909
0.235753070848536
1.57221121006513
1.4039635296355
0.774688617412484
0.313413208483038
0.0963359716160306
1.01072473914575
0.358540624356916
1.61203972848509
0.536344184726995
0.516839129854641
0.291954298165624
1.46463915433502
2.27689464444009
0.591321577997063
0.303406875941955
1.11954008605245
0.165131291330992
0.0511654699395349
1.54099346913406
0.53358317515736
0.0585837887673433
0.633563054291996
0.0558112638159422
1.0649581379952
1.60258296177485
0.56634558049742
0.928303530857929
0.513743376489766
0.55432149479322
1.60258296177485
0.616207218834948
0.0971438585871553
0.577880899516232
0.623756535995567
0.200845483152333
1.54099346913406
0.798895120190343
0.817351833281563
0.0442009881484276
0.352987223689188
0.808083519013803
0.870260010988253
0.808201028011819
0.884834179667666
0.00858100711912083
0.846618059937602
1.61203972848509
0.53358317515736
1.32170446164809
0.111226154004521
0.8487925656698
0.071421666159412
0.180234200063505
0.56634558049742
0.838110934951803
0.332390400406932
0.784860454609028
0.131673671189334
0.775453700278063
0.870260010988253
1.07113661457417
0.190509482486935
0.762305115273948
0.63883010218171
0.278323095462726
1.07113661457417
0.566191831574084
0.256425007953955
0.959191143297911
1.05085680057083
0.798895120190343
0.566191831574084
1.14969164068989
0.315395141925854
0.607309581512083
1.4039635296355
0.536344184726995
0.264918687514853
1.18673505762085
0.0321532838640981
0.798400024901997
0.262980664024698
1.04447395154173
0.656542624650687
1.09986658897267
0.229772126121905
0.855640100106157
0.616207218834948
0.744064660394192
1.24595892898286
0.164480654966989
0.572513884148176
0.115578106230916
0.591321577997063
0.808201028011819
0.403133278483337
0.138797717257183
0.999525358676835
0.588553224975733
0.0888958516413677
0.838110934951803
1.04447395154173
0.267851958605004
0.0044840250691468
0.989967503519705
0.00252436176563059
0.824190092711909
0.774688617412484
0.656542624650687
1.58058977379004
0.159122552894298
0.0779757975047797
0.486232690768736
0.744064660394192
1.26953150342674
1.13063042418553
0.256016103518322
0.256425007953955
1.14969164068989
1.60114875009824
0.659458262923341
0.548456355944685
0.303406875941955
0.403133278483337
2.69873779895555
0.690001511032037
0.139639127724611
0.105226270929058
0.0585837887673433
1.32170446164809
1.14110763447719
1.01753588349799
0.596842059259403
0.928303530857929
0.0971438585871553
0.332390400406932
0.918571069875445
0.725101464605864
0.729053778000457
0.190509482486935
0.959191143297911
1.60114875009824
0.469365278374562
0.288025658907073
0.092162487050491
0.443778428588995
1.13063042418553
2.15652741680431
0.67717968783969
0.380056638018006
1.24595892898286
0.256016103518322
0.67717968783969
0.838070892465196
0.982822098824802
0.00415616530025109
1.58058977379004
0.616520237530227
1.62186721563937
0.661176932722039
1.09986658897267
0.267851958605004
0.159122552894298
0.616520237530226
0.457876826327628
0.076648530286736
0.348754028337317
0.626144752969099
0.884834179667666
0.138797717257183
0.878185714340776
1.27864218394954
0.77758682930571
0.817351833281563
0.315395141925854
0.659458262923341
0.803074630659305
1.00609865175835
0.158991471794739
0.516839129854641
0.111226154004521
0.264918687514853
1.14110763447719
0.638514333211389
0.839283362001175
0.212369377522344
0.999525358676835
0.690001511032037
0.878185714340776
0.221358439074445
1.07851405598406
0.633563054291996
0.0442009881484276
1.01753588349799
0.803074630659305
0.11301209891286
0.976487227609145
0.206506140375381
1.18673505762085
0.638514333211389
0.858068714144065
1.26838799199759
0.107160578166785
0.784860454609027
0.0044840250691468
0.918571069875445
1.19553065717863
0.0431238916233298
1.10248707131567
0.0343437123927364
0.00858100711912083
0.762305115273948
0.469365278374562
1.27864218394954
1.23989710268064
0.264837138939799
0.577880899516232
0.164480654966989
0.725101464605864
0.838070892465196
0.376556469934971
1.0072379432386
0.0570066756768816
0.313413208483038
0.0321532838640981
0.0779757975047799
1.62186721563937
0.858068714144065
0.436700033599037
0.0986424659191227
0.621491230727052
0.989967503519705
0.457876826327628
1.19553065717863
2.06151646902433
0.076648530286736
0.0431238916233298
2.06151646902433
1.14236690320331
0.45877406812817
0.810297073486397
0.982822098824802
0.376556469934971
0.952499823995031
1.0049810948093
0.559335604301341
0.661176932722039
0.348754028337317
0.436700033599037
1.00097736447377
0.47672716407329
0.756919003723336
0.288025658907073
1.23989710268064
0.507499512638916
1.32896313931909
0.668794767337314
1.26838799199759
0.0986424659191227
1.05187860536019
1.082754360822
0.55660042688369
0.77758682930571
0.221358439074445
0.264837138939799
0.507499512638916
0.939446345208639
0.28394346860929
0.623574882371707
0.139639127724611
1.07851405598406
0.939446345208639
0.971070105335077
0.0871405837613947
0.69153449013374
1.10248707131567
1.14236690320331
0.875435926443824
0.81991352311767
0.103639975516778
1.00609865175835
0.11301209891286
1.46984582207011
0.540768958452881
1.07687489379515
0.105226270929058
0.971070105335077
5.75096404328431
0.0635743402841185
0.976487227609145
1.46984582207011
0.754282370757832
0.249477000045382
0.641586009054568
0.839283362001175
0.107160578166785
1.05187860536019
0.622652524242381
0.13103526062872
0.835612323604314
0.165727285786072
0.596842059259403
0.212369377522344
0.206506140375381
0.754282370757833
0.622652524242381
1.518742130539
0.0136367157196106
1.0072379432386
0.952499823995031
0.617374466294981
0.515302942102192
0.0464705929529131
0.670432225740988
0.729053778000457
0.0343437123927363
0.0570066756768816
0.875435926443824
0.617374466294981
0.385230013712466
1.0704695148285
0.548456355944685
0.092162487050491
0.158991471794739
0.540768958452881
1.09898993521572
0.082257266253554
1.49977293264378
0.0191050648465134
0.626144752969099
0.45877406812817
1.00097736447377
0.7502308389619
0.156342554824403
0.759619515845102
0.443778428588995
1.32896313931909
1.09898993521572
1.44382344467209
0.0125765970043205
0.380056638018006
0.00415616530025112
1.0049810948093
1.24589666481807
0.0607062825658491
1.71722272240342
0.621491230727052
0.47672716407329
1.082754360822
0.253818498279194
0.332015505736212
0.938522262526051
0.756919003723336
0.7502308389619
0.253818498279194
0.386560561771082
0.693598686680408
0.808104928277808
1.07687489379515
0.249477000045382
0.082257266253554
0.983621039477256
1.13760149422308
0.101599911173483
0.0149030197494046
0.34880652861823
0.13103526062872
1.518742130539
1.00692747206429
0.460326024528494
1.09236401555088
0.559335604301341
0.515302942102192
0.0607062825658492
1.08747424807298
0.719832807292991
0.795573628304542
1.71722272240342
1.08747424807298
0.776291466613648
0.0679832576253908
0.621916953411223
0.81991352311767
0.385230013712466
1.00156475775641
0.672176902106628
0.213759916450145
0.588448573549255
0.00435692021407904
0.810297073486397
0.103639975516778
0.156342554824403
1.00156475775641
1.33128635226732
0.58349248758517
1.49977293264378
0.983621039477256
0.509245358849479
0.261618281016309
0.800167222696794
0.835612323604314
1.00692747206429
1.65179416687093
0.0086901924908262
0.760129783280372
0.55660042688369
0.165727285786072
0.332015505736212
1.65179416687093
0.507564690709715
0.0149677199864353
0.792701171058841
0.0191050648465134
1.44382344467209
0.509245358849479
0.837361401167706
1.38482434949239
0.045267548195795
0.668794767337314
0.28394346860929
0.0125765970043204
0.837361401167706
1.02533868637152
1.02463326472836
0.0464705929529131
1.0704695148285
0.672176902106628
1.19667933826051
1.12002820284245
10.8478857687074
0.795434399886187
1.05810970291642
0.670432225740988
0.719832807292991
1.19667933826051
0.0416758556981893
0.271658103755829
0.98175268928539
0.641586009054568
0.0136367157196106
1.13760149422308
0.460326024528494
0.355513482865248
1.54851769076595
0.759619515845102
0.386560561771082
1.33128635226732
0.193304955124766
0.960683846524405
0.269730981817557
0.938522262526051
0.693598686680408
0.507564690709715
0.32258228847882
1.22884923981274
0.151937929277262
0.623574882371707
0.0871405837613947
1.02533868637152
0.772254114981571
0.389156729224935
0.877098363521971
0.69153449013374
0.0635743402841185
0.795434399886187
0.772254114981571
0.128513712671156
0.399912301200664
0.000967253449699154
0.864722307652047
0.261618281016309
1.38482434949239
0.644381596619794
0.689869462860868
0.969597808923411
0.808104928277808
0.193304955124766
0.32258228847882
1.1243625159551
1.21658679314528
0.0424867231558442
0.249115384893158
1.09236401555088
0.00869019249082623
0.355513482865248
0.645386950540281
0.719903807679167
1.01277466160506
0.213759916450145
1.12002820284245
0.0416758556981893
1.08569188951545
0.844152053296722
0.141000588720664
0.440129912357496
0.101599911173483
1.54851769076595
0.645386950540281
1.28517408257949
0.0365979500585328
0.654344649641391
0.045267548195795
1.02463326472836
0.389156729224935
0.644381596619794
0.744738147454503
0.0434138176518547
0.854503955303636
0.000145469707309054
0.795573628304542
0.0679832576253908
0.271658103755829
1.06917410626871
0.804072013981136
0.753884979966704
0.0331456906859205
1.05810970291642
0.399912301200664
6.78110510280525
0.579047048922042
0.0155929312088272
0.98175268928539
1.08569188951545
1.06917410626871
0.175581761910087
0.653179957304699
1.22884923981274
1.1243625159551
0.533649342612173
0.0296380327237678
0.293926017696534
0.769514257479608
0.621916953411223
0.804072013981136
0.983585209206948
1.09030716024432
0.248595926112818
0.760129783280372
0.0149677199864353
0.719903807679167
1.61119910391602
0.184852877474974
0.0221530947084897
0.781199373829015
0.792701171058841
0.151937929277262
0.533649342612173
1.61119910391602
1.10184488905481
0.960683846524405
1.21658679314528
0.314658889819545
1.40366133326562
0.268245869265193
0.0149030197494046
0.800167222696794
0.689869462860868
1.24037537157819
0.121181180148274
0.937419349486485
0.0971726431597286
0.34880652861823
1.28517408257949
1.24037537157819
0.462450500413855
0.724080367145323
0.588448573549255
0.844152053296722
1.21062446481145
1.77667769222047
0.877098363521971
0.000967253449699154
0.744738147454503
1.35767966517477
1.13267477710906
0.0260899489000646
0.00435692021407904
0.58349248758517
0.269730981817557
0.314658889819545
1.21062446481145
0.22890684710713
1.57132432433398
0.864722307652047
0.579047048922042
1.35767966517477
1.00344493097543
0.230459486938924
1.09030716024432
1.79365374138517
0.636934353279984
0.12980692231022
0.270151927847605
0.141000588720664
1.77667769222047
0.22890684710713
0.265504085093562
1.23083935111324
0.107466897776965
0.081094230447525
0.499719454697338
0.969597808923411
0.0434138176518547
0.121181180148274
1.46355057155229
1.2220877512071
0.370675457075552
1.01277466160506
0.0365979500585328
0.184852877474974
1.37612641318861
0.50005804491369
0.138201644970994
0.127565272273865
0.51984393721957
0.65434464964139
0.462450500413855
1.37612641318861
0.693182387376811
0.720675650098755
0.0424867231558441
1.40366133326562
0.806952198021561
1.87219469919189
0.423946494253201
0.268245869265193
1.57132432433398
0.265504085093562
0.806952198021561
0.367034237453892
0.758166005195354
0.854503955303636
1.46355057155229
0.830421879125724
0.621221759256732
0.225982596127284
0.0296380327237679
0.0221530947084897
1.10184488905481
1.53356295067357
0.837843740455353
0.691131024327875
0.753884979966704
0.248595926112818
0.636934353279984
0.930002445971444
1.32513286884824
0.0212785351035502
0.440129912357496
0.175581761910087
1.23083935111324
1.32214480846077
0.924655695265595
0.937419349486485
1.2220877512071
0.431883982700462
1.64603483060252
0.0836064822072401
0.0331456906859205
0.653179957304699
0.930002445971444
1.32214480846077
1.09872575795882
0.0303017636448735
0.000145469707308998
1.13267477710906
0.830421879125724
0.454243564392408
0.146208307782932
0.297636156087498
0.947911915972742
0.0260899489000646
1.00344493097543
0.454243564392408
1.52968047419597
1.36883326097511
0.0155929312088272
0.230459486938924
1.52968047419597
2.04872381139926
0.0498831877790463
0.923683690540084
0.249115384893158
0.293926017696534
1.87219469919189
0.339971706305554
0.322158965543953
0.166144501739358
0.933213208379764
0.769514257479608
1.53356295067357
0.339971706305554
1.94457628690589
0.0945295146404837
0.781199373829015
0.50005804491369
0.837843740455353
0.512999206308513
1.31253313771957
0.0971726431597286
0.724080367145323
0.693182387376811
0.431883982700462
0.374543756173572
0.219969394726035
1.29961213169102
0.322158965543953
1.94457628690589
0.510043595972249
0.640527381688744
0.0765160388998868
0.742361711352912
0.138201644970994
0.720675650098755
0.374543756173572
1.31622087270819
0.806226239907228
0.553639010996775
1.64603483060252
0.219969394726035
0.416947773857553
0.775673657613411
0.228834087885766
0.722327349846442
0.146208307782932
1.36883326097511
0.0498831877790463
1.04596761440181
0.958251782595791
0.555235044335153
0.12980692231022
1.32513286884824
1.04922327332443
0.794586792535649
0.555342277224725
0.104584894437646
0.691131024327875
0.0945295146404837
0.512999206308513
0.510043595972249
0.719361578694256
0.298206068712617
0.746778546883452
0.923683690540084
1.04596761440181
3.32228113973934
0.147344868388218
0.127565272273865
1.31253313771957
0.719361578694256
1.09404973067864
0.857220995622443
1.29961213169102
1.31622087270819
0.416947773857553
1.14492201405258
0.113483168916228
0.423946494253201
0.367034237453892
0.166144501739358
1.03967720397926
0.798178765023732
0.253160254310863
0.561050305751795
0.107466897776965
0.758166005195354
1.03967720397926
1.35871929461451
0.831832552319538
0.270151927847605
1.04922327332443
2.37860922759409
0.491141264220094
0.621221759256732
0.297636156087498
0.882231591609741
0.934123122411107
0.0621491338208396
0.986186058624452
0.947911915972742
0.958251782595791
0.882231591609741
0.235317556813071
0.69795072908033
0.116415313780043
0.0212785351035502
1.09872575795882
0.794586792535649
0.684363864449225
0.306780354270383
0.887617119310869
0.081094230447525
0.924655695265595
0.0303017636448735
0.684363864449225
0.979438382464101
0.276131134896231
0.0795830117255608
0.682736302447569
0.370675457075552
0.225982596127283
0.0836064822072401
0.775673657613411
0.934123122411107
1.77745776808994
0.0345604910339877
0.933213208379764
0.640527381688744
0.798178765023732
0.191951482333155
0.280783790370919
0.853171655105261
0.51984393721957
0.806226239907228
1.09404973067864
0.0606574001787499
0.413581518472364
0.855671741090175
0.499719454697338
1.35871929461451
0.979438382464101
1.1705615486261
0.15043982950734
0.228834087885766
1.14492201405258
1.11801235836586
0.8183409673763
0.603252533007748
0.0621491338208396
1.77745776808994
0.944158369381753
0.785466480757826
0.263759270452333
0.39528432203511
0.986186058624452
0.235317556813071
0.944158369381753
1.43656753656515
0.472758476094768
0.298206068712617
0.857220995622443
0.0606574001787499
0.999284811616988
0.650690853664656
0.891067253653699
0.0273792736242516
0.276131134896231
1.1705615486261
0.779489926405554
0.821400301332148
0.803761466258241
0.0765160388998868
0.746778546883452
0.999284811616988
1.2935359303373
0.924134847598571
0.742361711352912
0.191951482333155
1.2935359303373
0.689876971373335
0.949680962789192
0.0478643887496552
0.722327349846442
0.0345604910339878
1.11801235836586
0.785466480757826
0.0693585376194357
0.943152944456789
0.175359370015566
0.253160254310863
0.831832552319538
0.15043982950734
0.779489926405554
0.674953760726071
0.0401213029316627
0.985631596676849
0.553639010996775
0.113483168916228
0.413581518472364
0.8183409673763
0.523661284059707
1.2656468022972
0.0683781793440514
0.555342277224725
0.306780354270383
0.646774322968709
1.12607631950305
0.323085821539027
0.0621578149075802
0.67349913021371
0.887617119310869
0.0795830117255608
0.646774322968709
1.15082544908896
1.22192072935148
0.0511530608274923
13.8557577282111
0.720152862256695
1.09180936449709
0.561050305751795
0.280783790370919
0.674953760726071
1.00140695296227
0.348593392064308
0.0578172528265779
0.748102711987247
0.853171655105261
0.689876971373335
1.00140695296227
0.275487513923039
1.05869845386209
0.697950729080329
1.43656753656515
0.493985831075249
1.34629709709626
0.253094384885054
0.682736302447569
0.821400301332148
1.15082544908896
0.26029616821218
0.946578460499171
0.104584894437646
0.491141264220094
1.12607631950305
0.979052902267152
1.36494962991476
0.855671741090175
0.650690853664656
0.523661284059707
0.333071393371107
0.148443411959838
1.40774033647795
0.555235044335153
0.147344868388218
0.116415313780043
0.720152862256695
0.493985831075249
0.096385435407436
0.253190023930815
0.344258107051456
0.846097793996058
0.891067253653699
0.333071393371107
0.950787342723853
0.929531157760995
0.737521603129392
0.323085821539028
1.22192072935148
1.34126370224429
0.590877826348633
0.549295379627892
1.2656468022972
0.148443411959838
0.629312960179842
0.938725017938089
0.244981883774981
0.106510315659295
0.481929971619529
1.40774033647795
0.950787342723852
0.629312960179842
0.275717238560471
0.765970181514921
0.949680962789192
0.275487513923039
0.574976040127139
0.880180633131832
0.272217592310834
0.713796907727379
0.348593392064308
1.05869845386209
0.574976040127139
0.934179913213012
0.170830487701265
0.679203871166482
0.0621578149075802
1.36494962991476
0.828899665877654
0.814620991486116
0.908564673564971
0.0389784992108489
0.0273792736242515
0.924134847598571
0.0478643887496552
0.929531157760995
0.880180633131832
0.0381776252156827
0.972527242965525
0.0467037183399824
1.34629709709626
0.253190023930815
0.477046227938021
1.14365524051379
0.179132414147209
0.598994927984392
0.603252533007748
0.0693585376194357
0.0683781793440514
0.938725017938089
1.32482686283152
0.184030098463964
0.711356613963921
1.09180936449709
0.344258107051456
5.53341709898422
0.642823477016705
0.803761466258241
0.0401213029316627
0.26029616821218
0.974556782018855
0.573730039397159
0.160775048612983
0.888432924467952
0.943152944456789
1.32482686283152
0.8835618347174
0.945201598695134
0.985631596676849
0.0578172528265779
0.974556782018855
0.873172431126485
0.0522058580022414
0.179256162124326
0.680357398609795
0.67349913021371
1.34126370224429
0.814620991486116
0.0894189600086998
1.18135020581556
0.263759270452333
0.472758476094768
0.253094384885054
0.477046227938021
1.01652282670914
0.233081137757258
0.102217984244144
0.814111701392629
0.0511530608274923
0.946578460499171
0.590877826348633
0.573730039397159
0.666089235350346
0.949475985799014
0.748102711987247
0.934179913213012
0.873172431126485
1.82320721678707
0.846097793996058
1.14365524051379
0.642823477016705
0.0122426205062016
1.73152331839827
0.395284322035109
0.175359370015566
0.8835618347174
1.01652282670914
1.78260231722031
0.0517757912418601
0.170830487701265
0.0522058580022414
1.82320721678707
0.622408138403669
0.798559393341432
0.770163861516136
0.549295379627892
0.0894189600086998
0.666089235350346
0.706916517475734
1.43999971790882
0.0111892443055833
0.514266582085541
0.179132414147209
1.73152331839827
0.0205101000603882
1.13357053603561
0.320101495524112
1.0255810821384
0.233081137757258
1.78260231722031
0.848521223611803
0.363557424109769
1.10903965727316
0.908564673564971
1.61116319371739
0.888322326549708
0.695161946550059
0.737521603129392
0.275717238560471
0.0381776252156827
1.17350935618369
0.758697684126473
0.150331026634046
0.0831743646560457
0.530337402909799
0.184030098463964
0.945201598695134
0.0517757912418601
0.848521223611803
0.797502257687845
0.109467505853532
0.204153927209859
0.535229748647285
0.0389784992108489
1.18135020581556
0.706916517475734
0.888322326549708
0.306449703486415
0.141745507121849
0.538226473799416
0.160775048612983
0.949475985799014
1.43999971790882
0.526762313817028
0.192110565943081
0.880488028064496
0.272217592310834
0.679203871166482
0.622408138403669
1.10986123041645
1.0715830389621
0.0916100275739162
0.244981883774981
0.711356613963921
0.797502257687845
1.18970772509801
0.944226076894786
0.106510315659295
0.765970181514921
1.17350935618369
0.924026291814611
1.06707553993462
0.888432924467952
0.179256162124326
0.526762313817028
1.13522602136811
1.09049871990107
0.0822778091172374
0.972527242965525
0.758697684126473
0.940238897536742
1.46907098849071
0.713796907727379
0.0467037183399824
1.10986123041645
0.940238897536742
0.214589786036443
0.269136011592084
0.49436629989349
0.598994927984392
0.102217984244144
1.13357053603561
1.30376268170244
0.0382915295656797
1.02775603435408
0.680357398609795
0.798559393341432
1.13522602136811
0.32028894435722
0.877766527175419
0.320101495524112
9.71300013642776
0.432554620447692
1.26388511074258
0.481929971619529
1.18970772509801
0.924026291814611
0.0556357340111027
0.157837700764871
1.264804472313
0.814111701392629
0.363557424109769
1.30376268170244
0.21167449206807
0.395452620481147
0.782516915500128
1.0255810821384
0.0382915295656797
0.432554620447692
0.506816395927305
1.03920354722041
0.0332507868938005
0.762710426870579
0.150331026634046
1.46907098849071
0.214589786036443
0.904907940185671
0.654259990328723
0.0290688658472045
0.535438526013167
0.192110565943081
1.09049871990107
1.48339256924767
1.00684090227484
0.390717759504671
1.0715830389621
0.269136011592084
0.944428594424113
1.38934259173339
0.402573308539083
1.10903965727316
0.109467505853532
0.21167449206807
0.85461934913914
1.00442929802268
0.552947230834244
0.0831743646560457
1.06707553993462
0.0556357340111027
1.0297850534911
1.12872811237265
0.610712208989921
0.770163861516136
0.0916100275739162
0.32028894435722
0.944428594424113
0.565877136907103
0.784908796710223
0.166575466711915
0.204153927209859
0.944226076894786
0.157837700764871
0.675850545853517
0.863113274999616
0.308498880476352
0.475609943795752
1.264804472313
1.0297850534911
0.675850545853517
0.291363142102047
0.645421070551633
1.02775603435408
0.395452620481147
0.506816395927305
0.85142780865553
1.1685596437265
1.26388511074258
1.03920354722041
4.68358525474235
0.122304265029933
0.0431459084101268
0.0111892443055833
0.880488028064496
1.48339256924767
0.57403720968782
0.975384948243449
0.177568550944682
0.0822778091172374
0.877766527175418
1.00684090227484
0.565877136907103
1.23040541167485
0.0815396464853351
0.089635394869474
0.514266582085541
0.306449703486415
0.57403720968782
2.33967425395232
0.0533366874814502
0.760354102304741
0.695161946550059
0.141745507121849
1.46634910713073
0.502013493596454
0.63772904637372
0.33694700350343
0.530337402909799
0.904907940185671
1.12872811237265
0.157885409149324
1.0865965777823
0.115729032425476
0.782516915500127
0.85461934913914
0.85142780865553
0.258373478712153
0.241363463002682
0.72485954744329
0.535229748647285
1.00442929802268
0.863113274999617
0.0435264840749005
0.344391167743776
1.01726733619227
0.538226473799416
2.33967425395232
0.502013493596454
1.56590783876384
0.0949351020004792
0.49436629989349
0.654259990328723
1.38934259173339
1.2695428027972
0.287287585287966
0.63772904637372
1.56590783876384
0.23101188646796
0.952349300293673
0.17092636019675
0.466380405223428
0.0332507868938005
1.1685596437265
0.258373478712153
1.11655044201609
0.596866161048714
0.754860934975425
0.122304265029933
14.6069590150469
0.693772880305352
0.610712208989921
0.291363142102047
0.157885409149324
1.09686318915208
1.06147082107335
0.580651086532203
0.308498880476352
0.645421070551633
1.09686318915208
0.874053093240513
0.917592005059976
0.000482824506359468
0.975384948243449
0.0533366874814502
1.1989873270553
1.22048605610181
0.714971996836616
0.762710426870579
0.0431459084101269
1.11655044201609
0.693772880305352
0.000579331426822094
1.56606696057027
0.00986531686349544
1.23040541167485
0.690359360676158
0.98283779391891
1.22547801191224
0.552947230834244
0.241363463002682
0.0435264840749005
0.988698704073719
1.62227716964367
0.693501085453971
1.0865965777823
1.06147082107335
0.725099998691454
0.0508655890840261
0.850783983870006
0.141980378993504
0.784908796710223
0.0815396464853351
0.690359360676158
1.29797521628936
0.250388928399319
0.0313502380476265
0.715997515305061
0.390717759504671
0.177568550944682
0.089635394869474
1.1989873270553
0.98283779391891
0.204552497894764
0.0112924959914124
0.780707281783834
0.0290688658472045
1.2695428027972
0.51335095055993
1.33924026847674
0.0389756618120606
0.99068001087104
0.475609943795752
0.344391167743776
0.874053093240513
0.804354225973837
0.198059529477269
0.168241586506954
0.713687939470948
1.01726733619227
0.988698704073719
0.804354225973837
1.13045196225256
0.0649404623269701
0.402573308539083
0.166575466711915
0.287287585287966
1.29797521628936
0.51335095055993
1.34168756354958
0.0127271672930949
0.72485954744329
0.596866161048714
1.62227716964367
0.994632980215877
0.0684041322514138
0.139762067014276
0.760354102304741
0.0949351020004792
0.23101188646796
1.22048605610181
1.57146454771193
0.389078799035647
0.33694700350343
0.952349300293673
1.37995848087574
0.299084187579601
0.948922803194434
0.535438526013167
0.115729032425476
0.725099998691454
1.33924026847674
1.52963641289731
0.17092636019675
1.57146454771193
0.883741320157003
0.99311874110246
0.6002126879221
1.56606696057027
0.0390373059428519
1.54985651801153
0.535362471965404
0.724493921736745
0.714971996836616
0.204552497894764
0.389078799035647
0.883741320157003
0.534891119584915
0.26059429811073
0.609469996209617
1.22547801191224
0.250388928399319
0.0112924959914124
0.946207435418601
0.872509006346587
0.0424306718865816
0.532321013000981
1.54985651801153
3.98229506055788
0.0407812536288791
0.215258610409004
0.0313502380476265
1.34168756354958
0.977571167411814
0.993360441550535
0.734256822949782
0.0508655890840261
0.0389756618120606
1.52963641289731
0.635727447573156
0.845599843445194
0.223966057430296
0.690671270746845
0.198059529477269
1.13045196225256
0.409651254953751
1.04874630092439
1.30975953397111
0.00340787310344476
0.917592005059976
0.168241586506954
1.03477999299376
0.783966313203281
1.02724350725246
0.994632980215877
1.3012080064985
1.2586530429886
0.636570035772766
0.754860934975425
0.00986531686349544
0.0684041322514138
0.535362471965404
1.3012080064985
1.33634378328487
0.0793024659429511
0.0227345312462616
0.466380405223428
0.299084187579601
0.99311874110246
0.547675244716413
0.247616728068072
0.149728113409878
0.940518220820084
0.693501085453971
0.0649404623269701
0.139762067014276
0.409651254953751
1.2586530429886
0.341675080995214
0.244766645234886
0.567196848016012
0.99068001087104
0.0127271672930949
0.977571167411814
0.635727447573156
0.210367138132408
0.0890688297543343
0.878743150540679
0.713687939470947
1.04874630092439
1.03477999299376
0.209966356067185
0.864489876410768
0.715997515305061
0.946207435418601
0.993360441550535
0.146867040289215
1.09034109212659
0.0191875461632563
0.948922803194434
0.547675244716413
1.82437991127379
0.993710070305617
0.850783983870006
0.845599843445194
0.726257412238939
1.2124992064088
0.274643166885156
0.580651086532203
0.000482824506359468
0.141980378993504
0.783966313203281
0.726257412238939
0.409805419190451
1.14299259267651
0.780707281783833
0.534891119584915
0.872509006346587
0.455501329170741
1.14175493488825
1.30975953397111
0.341675080995214
0.876400760144595
1.08692270077832
0.365590485207463
1.02724350725246
0.209966356067185
0.409805419190451
0.45619378046753
0.598632591033528
1.05846643885218
0.012002173660547
0.223966057430296
1.2124992064088
1.03128409901053
0.901168230436247
0.131940017575179
0.462701227214327
0.247616728068072
0.993710070305617
1.17938305974312
0.857259311657062
0.055585343885913
0.600859355161493
0.600212687922101
0.26059429811073
0.149728113409878
0.801516143354674
1.02683850829255
0.0809672101912012
0.0512040381359829
0.684349087843857
0.274643166885156
1.14299259267651
0.45619378046753
1.03128409901053
0.0787986742921548
0.97585988049874
0.00693071475338218
1.33634378328487
0.939357258685969
0.818423617944871
0.0964032006433677
0.140918505678595
0.615215097221854
0.724493921736745
0.0407812536288791
0.0793024659429512
0.939357258685969
1.42841671147306
0.856441460011513
0.609469996209617
0.455501329170741
0.801516143354674
0.668636565507681
1.31645345431962
0.940518220820084
0.857259311657062
1.02683850829255
1.24122850854939
0.734256822949782
0.210367138132408
0.146867040289215
0.813867591641868
0.59233276410561
1.40002828518448
0.0424306718865816
1.14175493488825
0.668636565507681
1.41740545010045
0.0502851189751188
0.821840786398144
1.09034109212659
0.813867591641868
0.889309864920401
0.0695677481285018
0.227055192800161
0.738370479353917
0.00340787310344476
0.864489876410768
0.876400760144595
0.598632591033528
0.926406058935138
0.449210861360045
0.215258610409004
1.42841671147306
2.0616398497252
0.68389039916567
0.183856296044254
0.636570035772766
0.0227345312462616
0.244766645234886
0.818423617944871
0.75157756661744
1.54824624276544
0.690671270746845
0.0890688297543343
0.901168230436247
0.854974318475765
1.75600894693862
0.532321013000981
0.0191875461632563
1.41740545010045
0.889309864920401
1.038123062384
0.169519319963702
0.567196848016012
1.08692270077832
0.75157756661744
0.161342856483267
1.45509916222776
0.0371988416315078
0.878743150540679
0.59233276410561
0.854974318475765
0.0237706643972073
0.274513786122955
1.35503960337556
0.131940017575179
1.75600894693862
0.0237706643972073
0.860099325569673
0.944129154220459
0.480250903666248
1.40002828518448
0.0695677481285018
0.274513786122955
0.892733502788881
0.263058755385403
1.25105568774551
0.0964032006433677
1.54824624276544
0.161342856483267
1.13418752184181
0.576030962015019
0.575835369845265
0.0809672101912012
1.31645345431962
0.0502851189751188
1.00128176365026
1.14402803674446
0.457523735113302
1.05846643885218
0.0787986742921548
1.01293163898066
1.40948326653689
0.679529466968424
1.45509916222776
0.576030962015019
1.11206636722681
1.0459087047268
1.35503960337556
0.944129154220459
0.263058755385403
1.54652556847837
0.055585343885913
0.0512040381359829
1.24122850854939
1.42163409704016
0.680404472543711
0.520538640096896
0.68389039916567
5.26830206808618
0.481386084433987
0.012002173660547
0.926406058935138
1.40948326653689
1.29362936233141
0.387671463665608
0.140918505678595
0.856441460011513
0.183856296044254
0.481386084433987
1.26652564253757
0.993226384676141
0.227055192800161
1.038123062384
1.32997721025745
0.743644723562088
0.544365196190705
0.738370479353917
1.25105568774551
0.743644723562088
1.38496414077272
0.365590485207463
0.449210861360045
0.0371988416315078
1.0459087047268
0.387671463665608
1.46692801860087
0.97585988049874
0.679529466968424
1.34065069071654
1.47104633011091
0.684349087843857
1.14402803674446
0.680404472543711
1.41768648690764
0.821840786398144
0.169519319963702
0.457523735113302
0.544365196190705
1.94022131968746
0.600859355161493
0.520538640096896
3.20351859142249
0.462701227214327
0.00693071475338218
0.480250903666248
1.47104633011091
1.83380356781209
0.615215097221854
0.575835369845265
0.993226384676141
2.12525770891274
